"('peak id', <class 'str'>)","('ra [deg]', 'f8')","('dec [deg]', 'f8')","('r [deg]', 'f8')","('sig', 'f8')","('distance [kpc]', 'f8')","('distance modulus [mag]', 'f8')","('n obs', 'f8')","('n obs half', 'f8')","('n model', 'f8')"
53.534 -28.018 49,53.53378467646157,-28.018153403979348,0.04,4.663213872154915,49.99999999999999,18.494850021680094,13.0,5.0,2.7999999999999994
53.534 -28.018 100,53.53378467646157,-28.018153403979348,0.04,4.487071789706128,100.0,20.0,13.0,5.0,3.0159289474462008
53.625 -28.148 499,53.62463162395484,-28.148060621681054,0.01,4.278720469051133,499.99999999999994,23.494850021680094,3.0,0.0,0.1256637061435917
53.182 -28.158 100,53.18229686990938,-28.157952006967427,0.04,4.144198201267888,100.0,20.0,12.0,5.0,3.0159289474462008
53.534 -27.988 600,53.53375788172593,-27.988153412429263,0.05,4.084174774021089,600.0000000000003,23.89075625191822,12.0,4.0,3.09375
53.251 -27.918 350,53.25076766229577,-27.918060856661736,0.02,3.8904575447525853,350.0,22.72034022175138,5.0,0.0,0.6283185307179585
53.251 -27.918 300,53.25076766229577,-27.918060856661736,0.02,3.8904575447525853,300.0000000000001,22.385606273598313,5.0,0.0,0.6283185307179585
52.911 -28.057 249,52.910573254124145,-28.057184397529838,0.03,3.686187144440836,249.99999999999994,21.989700043360187,7.0,0.0,1.4137166941154065
53.941 -27.857 949,53.94083011391464,-27.857270829546906,0.03,3.5736672319308216,949.9999999999997,24.888618026444238,6.0,3.0,1.1309733552923253
53.171 -28.228 800,53.17078026442297,-28.227930604523632,0.03,3.5736672319308216,800.0000000000003,24.51544993495972,6.0,1.0,1.1309733552923253
53.171 -28.228 850,53.17078026442297,-28.227930604523632,0.03,3.5736672319308216,850.0000000000019,24.647094628571466,6.0,1.0,1.1309733552923253
53.941 -27.867 900,53.940876590202095,-27.867270729370503,0.03,3.5736672319308216,900.0000000000007,24.771212547196626,6.0,1.0,1.1309733552923253
53.93 -27.857 499,53.929519434452104,-27.857311537116086,0.01,3.430642973729961,499.99999999999994,23.494850021680094,2.0,1.0,0.1256637061435917
53.443 -28.498 49,53.44318930391586,-28.498188821531844,0.04,3.4266980643872853,49.99999999999999,18.494850021680094,10.0,2.0,3.0159289474462008
53.274 -27.648 400,53.27380934841152,-27.648089491959038,0.05,3.418378179973297,400.0000000000001,23.010299956639813,11.0,3.0,3.534291735288517
53.929 -27.847 400,53.92947402213577,-27.847311631925358,0.01,3.3368332110129115,400.0000000000001,23.010299956639813,2.0,1.0,0.14137166941154064
53.307 -28.408 450,53.30675694477501,-28.408126515992127,0.02,3.298865547136491,450.0000000000003,23.26606256887672,4.0,1.0,0.6283185307179585
53.489 -28.348 350,53.48863150656188,-28.34817824566428,0.02,3.298865547136491,350.0,22.72034022175138,4.0,1.0,0.6283185307179585
53.761 -28.238 450,53.76099864489978,-28.237809810859396,0.02,3.298865547136491,450.0000000000003,23.26606256887672,4.0,0.0,0.6283185307179585
53.782 -27.808 249,53.78232091502952,-27.807756761082803,0.01,3.2512751769443486,249.99999999999994,21.989700043360187,2.0,0.0,0.15707963267948963
53.874 -28.057 249,53.87377343957849,-28.057499669245868,0.01,3.2512751769443486,249.99999999999994,21.989700043360187,2.0,0.0,0.15707963267948963
53.081 -27.878 150,53.08114343987026,-27.877727768200977,0.01,3.2512751769443486,150.00000000000003,20.880456295278407,2.0,1.0,0.15707963267948963
53.874 -28.097 350,53.873935780551754,-28.097499380353593,0.01,3.2512751769443486,350.0,22.72034022175138,2.0,0.0,0.15707963267948963
53.782 -27.808 300,53.78232091502952,-27.807756761082803,0.01,3.2512751769443486,300.0000000000001,22.385606273598313,2.0,0.0,0.15707963267948963
53.568 -27.848 450,53.56756267708645,-27.848125697656826,0.05,3.226061602955615,450.0000000000003,23.26606256887672,9.0,2.0,2.78125
52.899 -28.057 150,52.899241625340444,-28.05714081598839,0.03,3.2122521298908975,150.00000000000003,20.880456295278407,6.0,2.0,1.4137166941154065
52.934 -27.827 100,52.934309194573686,-27.82727112508634,0.01,3.0993518733309364,100.0,20.0,2.0,0.0,0.18849555921538755
53.704 -28.288 100,53.70436953466828,-28.287930641119374,0.01,3.0993518733309364,100.0,20.0,2.0,0.0,0.18849555921538755
53.263 -27.638 450,53.26253638681308,-27.638075622620228,0.060000000000000005,2.853624237575971,450.0000000000003,23.26606256887672,13.0,3.0,5.654866776461628
53.477 -28.348 450,53.47726895037068,-28.34818196712652,0.03,2.710860663852006,450.0000000000003,23.26606256887672,5.0,1.0,1.4137166941154065
53.081 -27.838 300,53.081275009105305,-27.837727961168234,0.03,2.710860663852006,300.0000000000001,22.385606273598313,5.0,1.0,1.4137166941154065
53.714 -27.598 499,53.71395386188774,-27.597909452370732,0.01,2.4439177388600988,499.99999999999994,23.494850021680094,1.0,0.0,0.1256637061435917
53.714 -27.598 900,53.71395386188774,-27.597909452370732,0.01,2.4439177388600988,900.0000000000007,24.771212547196626,1.0,0.0,0.1256637061435917
52.787 -27.957 800,52.786530117658664,-27.956655726485245,0.01,2.4439177388600988,800.0000000000003,24.51544993495972,1.0,0.0,0.1256637061435917
53.341 -28.128 800,53.3411167785874,-28.128153426586152,0.01,2.4439177388600988,800.0000000000003,24.51544993495972,1.0,0.0,0.1256637061435917
52.787 -27.957 700,52.786530117658664,-27.956655726485245,0.01,2.4439177388600988,700.0000000000001,24.225490200071285,1.0,0.0,0.1256637061435917
53.341 -28.128 850,53.3411167785874,-28.128153426586152,0.01,2.4439177388600988,850.0000000000019,24.647094628571466,1.0,0.0,0.1256637061435917
53.624 -27.508 49,53.62353032976401,-27.508060315989812,0.02,2.436005909327935,49.99999999999999,18.494850021680094,3.0,1.0,0.7539822368615502
52.9 -27.857 400,52.90023789425598,-27.857143155994855,0.01,2.361554011066172,400.0000000000001,23.010299956639813,1.0,0.0,0.14137166941154064
53.387 -27.988 249,53.38653993822194,-27.988177502639118,0.01,2.3254102691538723,249.99999999999994,21.989700043360187,1.0,0.0,0.14874999999999997
52.9 -27.857 300,52.90023789425598,-27.857143155994855,0.01,2.2863090630212546,300.0000000000001,22.385606273598313,1.0,0.0,0.15707963267948963
54.066 -27.937 100,54.065711458520255,-27.936760710725505,0.04,2.2491240538957946,100.0,20.0,7.0,1.0,3.0159289474462008
53.533 -27.438 49,53.53327274782344,-27.43815188371131,0.04,2.2491240538957946,49.99999999999999,18.494850021680094,7.0,2.0,3.0159289474462008
52.991 -27.757 200,52.991134922751286,-27.757465843844038,0.02,2.1810527158819006,200.00000000000003,21.505149978319906,2.0,0.0,0.5026548245743668
53.646 -27.638 249,53.646327484897036,-27.63802855449388,0.03,2.1753582325191436,249.99999999999994,21.989700043360187,4.0,0.0,1.4137166941154065
52.98 -27.767 150,52.979792516783625,-27.767428807141332,0.03,2.1753582325191436,150.00000000000003,20.880456295278407,4.0,0.0,1.4137166941154065
53.432 -27.348 49,53.43187091348774,-27.34818395768467,0.03,1.8898308523685559,49.99999999999999,18.494850021680094,4.0,0.0,1.6964600329384878
53.318 -28.228 100,53.318327216701356,-28.228135931595897,0.03,1.8898308523685559,100.0,20.0,4.0,0.0,1.6964600329384878
54.054 -27.947 200,54.0544496221164,-27.94681148517957,0.04,1.6107582227805044,200.00000000000003,21.505149978319906,4.0,1.0,2.0106192982974673
